100
1189689417767 33.1
4853311298437 99.4
9834362008480 51.7
3361555912663 70.2
9504302824582 97.1
3722441959449 40.7
4999005702600 39.3
9163114610903 70.7
1337267293311 7.5
1737569175369 96.9
9545084034535 26.4
9295961562100 88.4
4630363735423 83.2
2567790083657 55.7
5341664889483 57.5
1807160995676 5.0
8850420621340 45.4
3414482174462 40.3
1797575638291 90.9
5500810580035 63.4
3774112606552 5.4
8437683923876 33.1
8067539886566 35.8
1734584661196 29.4
3519011681591 34.6
4154922179740 4.3
4275760705325 30.6
4546960080173 61.2
7890917361130 59.2
4233210026501 43.0
5196241914374 69.8
3775426620185 51.4
9626113096566 54.3
3256898762849 59.8
8297010826955 58.1
3921856130267 46.0
8610846227137 88.5
7183626220367 7.9
6175099728905 73.8
1402369986331 25.3
1697476764158 83.5
2197081305544 57.6
5923895685345 26.2
9407106878641 76.9
6616292143651 82.0
3069143345166 2.2
5712574691668 9.3
9118672642789 49.9
5211183274204 64.9
7397536019534 21.3
3172011571778 39.8
2013254989227 66.8
6202466921218 45.5
9131809319849 55.6
1685425394836 18.0
2607769750814 77.2
4750443909873 6.3
9095467037909 25.3
9602499258611 7.8
1061030383776 85.9
6494265649259 61.5
5929353403234 45.6
8315358438416 55.0
5257585282046 35.6
5735424992506 61.2
1644180621412 52.1
2634002355524 1.4
1569867926812 15.4
2184569333846 88.5
5885254281353 13.7
1979585158488 62.3
2884247633131 3.3
3273324620059 44.4
3148726765265 26.7
2332621255206 48.2
9612839339966 76.8
6244443202159 82.4
3544165022446 24.3
8580973600426 14.2
2169054922069 15.8
5082774685001 76.5
9586742800247 94.9
8871482442296 31.1
2921527409086 59.1
6941929395584 27.1
8743355162509 75.6
6880940715149 56.9
7494626584765 45.0
7356687549454 69.0
1419683346820 71.4
2609401345525 36.7
7267382270720 81.4
4380910708174 17.5
2216052366935 94.2
7968632715981 69.5
9905306990985 56.4
7797857999149 81.6
8733151622500 48.9
3037930212572 81.1
3603790998699 77.0
100
4750443909873
2921527409086
1734584661196
8067539886566
3273324620059
9131809319849
8297010826955
8871482442296
1979585158488
9545084034535
4630363735423
9118672642789
2607769750814
3148726765265
9407106878641
2609401345525
3775426620185
5500810580035
7183626220367
2567790083657
1419683346820
2184569333846
4380910708174
9131809319849
7267382270720
7494626584765
4233210026501
6616292143651
3774112606552
9612839339966
8580973600426
6244443202159
8850420621340
4154922179740
6175099728905
9504302824582
2013254989227
7183626220367
4380910708174
5211183274204
9834362008480
3603790998699
5929353403234
5211183274204
6244443202159
5712574691668
1402369986331
9295961562100
3603790998699
4853311298437
3774112606552
4546960080173
2169054922069
9834362008480
8315358438416
4233210026501
5500810580035
2013254989227
2609401345525
9131809319849
5712574691668
5712574691668
6202466921218
4275760705325
8610846227137
1685425394836
9504302824582
8850420621340
9163114610903
8871482442296
2216052366935
7797857999149
5341664889483
7356687549454
5257585282046
7797857999149
3414482174462
8610846227137
7267382270720
5257585282046
9626113096566
5211183274204
7494626584765
1697476764158
1061030383776
7397536019534
9602499258611
9545084034535
8850420621340
1737569175369
9163114610903
4233210026501
3172011571778
1807160995676
2197081305544
3414482174462
4999005702600
1797575638291
3361555912663
3775426620185
