11
4283169778166 97.9
7032295084950 33.7
6150363137444 17.1
6401404226478 15.7
4707067508544 56.3
6116844924942 79.8
8173464047440 58.9
5006425335362 95.6
4167361337706 3.9
6756850198929 30.0
9181815016814 31.1
84
8173464047440
5006425335362
9181815016814
6756850198929
4167361337706
4707067508544
6150363137444
6756850198929
6116844924942
6150363137444
6401404226478
6756850198929
4167361337706
4167361337706
7032295084950
8173464047440
6150363137444
7032295084950
5006425335362
6116844924942
4707067508544
4167361337706
6756850198929
9181815016814
5006425335362
6116844924942
6150363137444
6116844924942
6116844924942
6116844924942
6401404226478
8173464047440
5006425335362
6116844924942
6756850198929
8173464047440
8173464047440
6116844924942
4283169778166
7032295084950
6756850198929
9181815016814
7032295084950
8173464047440
6150363137444
4167361337706
6116844924942
6116844924942
6116844924942
4707067508544
6116844924942
6150363137444
4283169778166
6401404226478
8173464047440
6401404226478
4707067508544
9181815016814
8173464047440
8173464047440
6756850198929
6401404226478
6756850198929
6756850198929
9181815016814
6116844924942
5006425335362
5006425335362
4707067508544
6116844924942
4707067508544
9181815016814
7032295084950
6150363137444
4167361337706
5006425335362
8173464047440
6401404226478
6401404226478
4283169778166
4707067508544
9181815016814
6756850198929
4707067508544
