21
3576835170709 75.1
1658447042397 68.6
2987095049318 98.6
8372360165799 26.2
1492624866121 39.6
5955863236008 52.1
5666228697823 98.8
9365074731369 25.3
7761556856669 29.2
6233703787181 97.0
1488101017795 78.6
4463460002141 72.0
3118438745828 61.5
2256288330971 24.9
7099890711919 78.5
2229882097295 55.9
1223958302780 82.2
6271971167268 43.4
8126022041265 31.6
8051530251576 72.2
1000400906813 81.3
24
6271971167268
8051530251576
2987095049318
8051530251576
5955863236008
2229882097295
1000400906813
7099890711919
8372360165799
7099890711919
6233703787181
7761556856669
7099890711919
8051530251576
4463460002141
5955863236008
2229882097295
1000400906813
2987095049318
1492624866121
8126022041265
1223958302780
2256288330971
3576835170709
