31
1363473880302 89.8
8202676773837 67.7
6697576552552 81.0
2037739664877 93.3
7125802632718 30.5
6315130777760 8.2
3048963693836 47.2
9593517965838 44.1
4964146414759 34.6
1671228047221 48.5
8712621520338 93.6
1207736977146 25.4
2969407170895 31.2
4673590500007 98.9
3042034866954 53.4
3639192950775 70.9
4661466895696 69.0
6727912617656 57.9
6962815829109 89.4
1033689310537 49.9
5143155639043 60.3
3520140425628 92.0
7480701732027 24.0
6060528397884 80.9
2723413875106 51.1
6559442676334 60.8
2637908026149 23.0
2355661175141 19.0
1390275292080 25.1
5281615286720 17.0
2984143289240 41.4
53
3520140425628
1363473880302
2969407170895
1363473880302
6697576552552
1207736977146
9593517965838
3048963693836
2637908026149
1207736977146
1671228047221
7125802632718
5143155639043
2037739664877
3639192950775
4673590500007
2723413875106
1390275292080
6315130777760
2984143289240
4964146414759
2984143289240
7125802632718
4964146414759
7125802632718
6315130777760
2037739664877
6559442676334
2355661175141
2355661175141
3042034866954
8202676773837
6697576552552
1363473880302
5143155639043
3042034866954
7125802632718
2637908026149
7480701732027
9593517965838
6962815829109
5281615286720
5143155639043
4673590500007
6727912617656
3042034866954
4964146414759
7480701732027
3639192950775
6060528397884
1363473880302
1033689310537
2969407170895
