41
7382078173032 88.6
3456324763377 27.9
9793240781403 45.8
5112007814772 95.1
2772746652516 87.8
7446192240569 56.0
2117921638543 4.9
6873415602268 21.0
6253315563627 43.4
1252458862312 75.0
7799684317090 75.5
1995042503292 26.7
8139432510699 93.1
5869663415911 95.3
7655867363140 19.2
9981780920528 96.1
9500325841719 70.4
7372653411006 25.6
8787500740849 74.5
8781584435674 35.5
4238032969607 34.8
6780487411547 64.0
1785909326283 3.4
7373413677436 12.7
9396494230827 39.1
5212031732490 54.0
3066104265014 14.3
4085385078535 63.5
5987997725741 46.7
9075996123751 17.4
7911367747058 93.2
7031243492454 30.1
6522177843142 47.8
8921966472757 17.1
5781945388694 30.8
3564306971898 36.1
8631874477068 40.1
4863040566689 95.4
6105723097301 58.3
5479779436958 75.0
1468325063933 0.4
7
1995042503292
2772746652516
8921966472757
5987997725741
1468325063933
9793240781403
4863040566689
