51
8304455189146 16.2
7415607508400 26.4
8778314766898 77.9
9570877017619 51.7
4531695716060 30.6
8452308387314 23.3
1051493036115 62.5
9994681162835 70.5
5292370051349 86.2
1709336060696 16.0
8046894253965 12.0
4836770329077 44.0
4134006079765 8.6
9711117975290 7.5
8551211854129 19.7
3430637186725 97.8
6092814756207 53.2
3546149088951 50.0
8933759479842 8.6
8892067677435 68.5
6229358845563 56.4
8379760384950 36.7
3403217295104 4.8
1358216975981 17.9
2397019482664 77.6
1969545854121 23.7
7565476977926 19.5
9495543223629 26.6
6180780378688 18.1
9744148975042 87.4
2412188687715 31.0
6319942905225 14.7
1361468611557 39.4
5919707451670 80.1
3615234256995 84.0
6047416963099 34.6
4540706573069 60.6
3951524166561 27.9
9727157051917 22.1
5052518096039 73.9
5603343098825 17.4
5899574306261 35.4
2716648239182 88.4
7945787868443 12.2
7803866860389 46.8
2424618217904 55.9
9216028152503 5.3
4539499714758 40.6
5173272022739 34.8
7524986330085 63.2
8980251887493 53.6
76
2716648239182
7415607508400
1709336060696
7945787868443
8304455189146
8551211854129
2716648239182
4531695716060
9727157051917
3430637186725
6180780378688
2397019482664
2412188687715
8980251887493
5292370051349
5919707451670
3546149088951
1969545854121
8892067677435
7803866860389
1051493036115
9570877017619
8778314766898
3951524166561
6229358845563
9994681162835
9711117975290
9216028152503
2424618217904
4539499714758
8892067677435
9711117975290
5292370051349
9994681162835
2716648239182
8933759479842
6319942905225
8046894253965
2424618217904
3546149088951
8304455189146
8892067677435
2716648239182
6229358845563
4539499714758
5052518096039
8933759479842
3546149088951
9994681162835
5173272022739
8778314766898
6319942905225
8452308387314
4531695716060
6319942905225
9216028152503
3951524166561
8304455189146
2716648239182
2716648239182
9994681162835
6180780378688
1709336060696
7415607508400
6180780378688
6229358845563
8452308387314
3951524166561
7565476977926
9711117975290
8046894253965
8304455189146
7945787868443
8892067677435
4539499714758
8379760384950
