61
6423972231777 50.2
9863084392815 19.3
9527280848039 96.5
6573602951940 33.5
6712468646277 97.1
8224679649448 2.8
8107399704732 54.2
6031266181763 32.9
4591808411515 91.7
8540521324743 34.0
3640196733314 32.0
6800217145152 81.9
7322077758630 1.6
3869622004391 68.3
1039210696310 94.0
1142647547275 15.1
7303276610370 29.4
5789176752271 73.1
4593150620914 66.1
2075726515883 47.0
1128203079778 47.9
7570985118377 51.8
8415565503523 39.6
3924730317981 88.5
6826910045680 6.3
5379874640746 50.9
6136349608425 81.7
5822962798119 89.9
7040059077760 39.7
9721380316878 59.4
3772977536516 97.8
4550715306871 44.3
4541992926021 96.6
5719628942835 33.4
4037182698381 75.6
1406409414810 93.3
2082824877623 9.0
8841818741842 14.0
3218898198685 33.9
2457004956601 98.3
4912655204968 35.6
1269763496482 24.2
8954581346305 55.1
4188688189798 58.9
2260860931195 44.5
2852271931892 48.3
9951420662339 72.4
7878510070775 56.1
1399771267448 33.5
5005719357546 83.6
1393532796125 12.1
7867950009134 1.1
3407003266775 95.0
7447334364816 83.9
6475534273640 1.8
4371155682483 83.7
6144539499378 3.6
3051669099259 62.9
5559953395089 42.7
2622507964920 24.5
4216429337017 28.1
49
8954581346305
3869622004391
8954581346305
3051669099259
3772977536516
4216429337017
5005719357546
2852271931892
8224679649448
4371155682483
8841818741842
8841818741842
9527280848039
4037182698381
4550715306871
5559953395089
8224679649448
7867950009134
4216429337017
8415565503523
4912655204968
8954581346305
9527280848039
3640196733314
6712468646277
2457004956601
4188688189798
1399771267448
2622507964920
2075726515883
3218898198685
5559953395089
4912655204968
3051669099259
3407003266775
8224679649448
5559953395089
5719628942835
9951420662339
8415565503523
8107399704732
1393532796125
6423972231777
6031266181763
2082824877623
7303276610370
2082824877623
1399771267448
6031266181763
