71
4196621824783 7.2
3689233084823 94.4
2693404424901 15.8
6899998072501 58.4
5164516612456 13.5
6689634527540 51.0
8166395262803 74.9
2234849530915 3.6
6779602767119 75.7
1532385638932 90.1
3976190534939 94.9
3608655469837 52.3
8712174173390 0.4
7986924991085 29.9
3171698525944 90.4
2850475755108 55.6
3494583676311 18.5
1905618689703 18.3
1838300629121 63.4
8666612202575 56.5
9213851041645 14.1
4357811084692 70.2
5082767992699 40.4
5594397341647 2.4
6897179327783 71.7
6427469174663 12.7
1456398710458 47.8
3807872464733 8.6
9128656930784 83.7
1710096160971 8.0
1014204448162 50.6
8593270035159 50.9
3267146569305 83.1
2759628916785 91.0
4697177631869 2.6
7839334521024 88.8
9559863493186 94.5
3798618052891 72.7
1540892178000 89.1
9040131512421 17.0
5066028227399 64.3
1175705243948 14.8
9571904013921 45.4
1646559674593 36.8
3038247174392 11.4
1001386833657 11.5
8513036244231 22.4
5329054377116 43.9
6451481537139 97.5
2577265303664 19.6
6761334778293 68.6
9454873651649 46.9
4398287770162 5.0
5397110789553 97.2
4567311739148 3.9
1396176232049 13.9
3591492339831 71.9
4883973576032 71.8
2340674139203 2.4
5663158632777 43.9
1282240875143 15.7
9550489727828 67.1
6747804233847 92.6
7668279336346 87.2
7578524182655 59.5
2625124435850 99.0
8275100517248 79.8
8392603951818 72.7
8105720077319 60.4
9108987493480 59.8
6560958786279 86.0
52
9213851041645
5663158632777
9213851041645
1838300629121
3807872464733
8513036244231
3494583676311
8166395262803
4196621824783
2759628916785
8392603951818
8166395262803
8593270035159
1001386833657
9108987493480
3976190534939
7578524182655
1540892178000
9559863493186
9559863493186
6747804233847
8666612202575
8105720077319
9454873651649
5594397341647
3689233084823
3976190534939
1838300629121
1710096160971
1175705243948
1838300629121
8392603951818
4357811084692
8593270035159
6427469174663
2693404424901
2340674139203
2234849530915
5594397341647
4398287770162
1001386833657
3798618052891
6747804233847
2577265303664
6897179327783
4196621824783
6747804233847
4196621824783
2759628916785
8593270035159
7578524182655
1001386833657
