81
6068728857145 8.8
8596678759311 65.4
4345377821852 82.2
3401077403627 1.8
3026971805045 14.9
6695170233773 16.7
1200791811090 58.0
1416985720683 86.4
6722337252539 85.1
8472061651765 83.4
5330901357154 85.5
2410839925896 57.8
5020713664561 2.5
2665756053615 69.3
9312925515286 39.0
1941103349057 64.2
3949710078882 63.9
2533177306692 50.5
9826726870346 76.1
8652182858914 43.0
1438413114788 27.7
5869110461994 91.9
7365273181046 31.6
8362319695318 85.8
9101503017743 88.1
7547629629121 45.7
3029393976218 85.4
8233074201179 45.6
3732224265564 12.4
5740199640432 65.0
6171767342057 77.3
9741878172002 85.1
9563372986374 23.7
4932146379491 70.7
3784808372388 40.2
1500406763165 90.8
6860050529310 96.7
4950442410845 51.3
1880088414096 24.3
1299312030196 23.0
6491331000489 8.5
6861159357313 46.2
2930427820958 33.4
5434727248649 15.1
7392386538355 56.0
9331291680874 43.7
4256182439875 88.4
6012219814847 21.7
8855279511217 51.7
5790138338947 19.6
5477604183571 59.8
9669969881268 13.9
6376193825031 3.6
5449074527891 46.5
7397684341963 98.2
8519015793521 8.1
8748382374337 71.0
7880837379156 5.3
4073046081491 19.9
4662683852756 31.2
7164741092056 14.8
3153635183269 10.8
4964371977477 25.6
9388516842628 29.3
9082292272178 73.9
3707092670932 46.2
2586854798180 70.2
8218875002791 1.4
8581756038621 98.4
4657142700058 55.7
2683848789983 8.8
7215206167204 83.4
2471243839340 0.4
8459003289735 41.8
5466638124651 91.9
8563445857290 62.7
8624890217595 84.6
8355704318478 42.5
6972331139531 23.7
7448538969115 56.3
1390621535312 3.2
48
2586854798180
1438413114788
7392386538355
4657142700058
9563372986374
8596678759311
1416985720683
8748382374337
1390621535312
6722337252539
9669969881268
6860050529310
2683848789983
8355704318478
3707092670932
1941103349057
8748382374337
8596678759311
8624890217595
8233074201179
5330901357154
8855279511217
2683848789983
6722337252539
8362319695318
4345377821852
6860050529310
8652182858914
5790138338947
6491331000489
1500406763165
9312925515286
5466638124651
3401077403627
2533177306692
8233074201179
1200791811090
4662683852756
5790138338947
5466638124651
7547629629121
5330901357154
7164741092056
4950442410845
8355704318478
2410839925896
6722337252539
3029393976218
